ISS (ZARYA)
1 25544U 98067A   26280.56304952  .00004213  00000+0  85268-4 0  9994
2 25544  51.6311 103.9669 0006810 234.3585 125.6769 15.48762857589177
HST
1 20580U 90037B   26280.56374465  .00004531  00000+0  13576-3 0  9999
2 20580  28.4733  31.8546 0001508 335.5663  24.4861 15.31851452805818
CSS (TIANHE)
1 48274U 21035A   26280.56467570  .00016985  00000+0  20456-3 0  9992
2 48274  41.4704 359.5177 0001319 346.9393  13.1411 15.60413529310714
ENVISAT
1 27386U 02009A   26280.47912109  .00000041  00000+0  27330-4 0  9991
2 27386  98.3966 229.3543 0001298  89.2010  22.1272 14.39086018289631
TERRA
1 25994U 99068A   26280.61696211  .00000188  00000+0  47189-4 0  9990
2 25994  97.9331 325.6368 0001437 199.5368 312.2094 14.61171007426025
AQUA
1 27424U 02022A   26280.62419476  .00000444  00000+0  97967-4 0  9995
2 27424  98.4433 252.2387 0001016  63.7257 358.2688 14.62225109299708
NOAA 15
1 25338U 98030A   26280.57081224  .00000067  00000+0  45048-4 0  9995
2 25338  98.5040 298.1539 0010660  24.2855 335.8827 14.27173309477321
NOAA 18
1 28654U 05018A   26280.58188883  .00000023  00000+0  35328-4 0  9995
2 28654  98.8039 358.5848 0014169 187.3344 172.7623 14.13746476102190
NOAA 19
1 33591U 09005A   26280.60093579 -.00000002  00000+0  22956-4 0  9992
2 33591  98.9417 351.4960 0014720  74.0024 286.2769 14.13488139910361
SENTINEL-1A
1 39634U 14016A   26280.59585633  .00000079  00000+0  26217-4 0  9996
2 39634  98.1602 286.3614 0001465  83.1117 277.0250 14.59810676666413
SENTINEL-2A
1 40697U 15028A   26280.59227420  .00000419  00000+0  17640-3 0  9995
2 40697  98.5651 353.8044 0001061  88.5722 271.5583 14.30821398589809
FIREFLY-1
1 62701U 25009CW  26280.57319156  .00000774  00000+0  80261-4 0  9995
2 62701  97.6983 356.3155 0002896 352.6170   7.5006 14.92780556 94083
FIREFLY-2
1 62704U 25009CZ  26280.55146072  .00000747  00000+0  77767-4 0  9998
2 62704  97.6940 356.0168 0007914  70.6047 289.6027 14.92673844 94083
FIREFLY-3
1 62710U 25009DF  26280.52980051  .00000435  00000+0  47487-4 0  9995
2 62710  97.6974 356.2916 0004032 137.2430 222.9104 14.92764980 94093
SENTINEL-3B
1 43437U 18039A   26280.18707934  .00000049  00000+0  38355-4 0  9999
2 43437  98.6249 346.0996 0000936  67.9393 292.1886 14.26736685440094
LANDSAT 9
1 49260U 21088A   26280.19705414  .00000193  00000+0  52816-4 0  9997
2 49260  98.2173 348.9525 0001402  88.6281 271.5079 14.57107910267314
LANDSAT 8
1 39084U 13008A   26280.57467548  .00000158  00000+0  45045-4 0  9995
2 39084  98.2193 349.3079 0001305  94.7849 265.3499 14.57109285714263
VANGUARD 1
1 00005U 58002B   26280.20889600  .00000369  00000+0  44837-3 0  9997
2 00005  34.2609 328.5867 1839125 283.6368  56.6872 10.86068048455464
GOES 18
1 51850U 22021A   26280.50832999  .00000080  00000+0  00000+0 0  9995
2 51850   0.0198 315.9024 0000581 312.4400 153.8274  1.00271916  7713
CARTOSAT-3
1 44804U 19081A   26280.58637027  .00002918  00000+0  14116-3 0  9990
2 44804  97.4186 340.5608 0012940 119.4520 240.8008 15.19316512380536
AURA
1 28376U 04026A   26280.54752168  .00000453  00000+0  10123-3 0  9995
2 28376  98.3561 238.0131 0001093  69.3902 290.7416 14.61464066182626
POISK
1 36086U 09060A   26280.56304952  .00004213  00000+0  85268-4 0  9992
2 36086  51.6311 103.9669 0006810 234.3585 125.6769 15.48762857586964
ISS (NAUKA)
1 49044U 21066A   26280.56304952  .00004213  00000+0  85268-4 0  9990
2 49044  51.6311 103.9669 0006810 234.3585 125.6769 15.48762857587008
FREGAT DEB
1 49271U 11037PF  26280.26006384  .00011761  00000+0  16288-1 0  9993
2 49271  51.6487  24.0697 0943578 173.5942 187.8030 12.45041216238995
CSS (WENTIAN)
1 53239U 22085A   26280.56467570  .00016985  00000+0  20456-3 0  9995
2 53239  41.4704 359.5177 0001319 346.9393  13.1411 15.60413529288232
CSS (MENGTIAN)
1 54216U 22143A   26280.56467570  .00016985  00000+0  20456-3 0  9996
2 54216  41.4704 359.5177 0001319 346.9393  13.1411 15.60413529308455
HRC MONOBLOCK CAMERA
1 66052U 98067XS  26280.53595025  .00759702  33460-3  70284-3 0  9994
2 66052  51.6093  51.5320 0008993 311.1241  48.8997 16.11605681 55834
SZ-21 MODULE
1 66515U 25246C   26280.15683108  .00074555  00000+0  25805-3 0  9990
2 66515  41.4706 324.3797 0009709 109.8160 250.3737 15.88413123 51472
DUPLEX
1 66906U 98067XT  26280.49312724  .00047865  00000+0  36325-3 0  9998
2 66906  51.6227  78.6642 0004371 255.5384 104.5129 15.71832841 48264
KNACKSAT-2
1 67683U 98067YA  26280.45295160  .00062930  00000+0  47691-3 0  9999
2 67683  51.6232  85.1785 0008803 264.2301  95.7693 15.71714019 37861
GXIBA-1
1 67685U 98067YC  26280.49846561  .00098453  00000+0  59326-3 0  9999
2 67685  51.6186  81.6809 0009860 267.5813  92.4058 15.76828681 37918
UITMSAT-2
1 67686U 98067YD  26280.45911493  .00379200  68968-4  89638-3 0  9996
2 67686  51.6154  73.8036 0010107 282.4279  77.5597 15.96140331 38012
LEOPARD
1 67687U 98067YE  26280.49939606  .00259885  00000+0  11898-2 0  9993
2 67687  51.6191  81.7190 0009999 269.4844  90.5013 15.82366840 37830
HMU-SAT2
1 67688U 98067YF  26280.48733563  .00178662  00000+0  73989-3 0  9990
2 67688  51.6208  77.8420 0008552 264.1232  95.8796 15.84725736 37885
CREW DRAGON 12
1 67796U 26031A   26280.43399958  .00004184  00000+0  84748-4 0  9996
2 67796  51.6309 104.6054 0006798 233.7311 126.3049 15.48761772588038
CYGNUS NG-24
1 68689U 26079A   26280.56304952  .00004213  00000+0  85268-4 0  9995
2 68689  51.6311 103.9669 0006810 234.3585 125.6769 15.48762857589736
PROGRESS-MS 34
1 68837U 26093A   26280.56304952  .00004213  00000+0  85268-4 0  9996
2 68837  51.6311 103.9669 0006810 234.3585 125.6769 15.48762857587931
TIANZHOU-10
1 69049U 26102A   26280.56467570  .00016985  00000+0  20456-3 0  9995
2 69049  41.4704 359.5177 0001319 346.9393  13.1411 15.60413529310919
SHENZHOU-23 (SZ-23)
1 69180U 26113A   26280.56467570  .00016985  00000+0  20456-3 0  9993
2 69180  41.4704 359.5177 0001319 346.9393  13.1411 15.60413529308271
ATLAS CENTAUR 2
1 00694U 63047A   26280.57266581  .00002452  00000+0  28698-3 0  9995
2 00694  30.3527  90.7833 0544640 148.8259 214.5858 14.12780753161606
THOR AGENA D R/B
1 00733U 64002A   26280.06846178  .00000093  00000+0  50554-4 0  9997
2 00733  99.1112 304.8181 0032827   4.7784 355.3706 14.34100011268599
SL-3 R/B
1 00877U 64053B   26280.48726004  .00000084  00000+0  40509-4 0  9992
2 00877  65.0763  70.2262 0075202 225.2439 134.2527 14.61470884297749
SL-8 R/B
1 02802U 67045B   26280.46381038  .00000101  00000+0  35685-4 0  9997
2 02802  74.0107 312.5468 0065515 268.9887  90.3764 14.45725712119628
SL-8 R/B
1 03230U 68040B   26280.32740386  .00001976  00000+0  14417-3 0  9999
2 03230  74.0293 240.8542 0023995 359.6565   0.4603 15.04284870121823
OAO 2
1 03597U 68110A   26280.08555118  .00000110  00000+0  34839-4 0  9993
2 03597  34.9922 164.8605 0004791  94.9067 265.2171 14.47386080 49740
ISIS 1
1 03669U 69009A   26280.51039359  .00000105  00000+0  65240-4 0  9997
2 03669  88.4341 132.0556 1707607  21.5278 344.9536 11.30452866372461
SERT 2
1 04327U 70009A   26280.41190600 -.00000004  00000+0  50936-4 0  9992
2 04327  99.2899 212.1185 0004890 356.0609 112.4043 13.58747465808645
SL-3 R/B
1 05118U 71028B   26280.58458709  .00079457  00000+0  36706-3 0  9993
2 05118  81.2263 146.4063 0006937 227.9137 132.1539 15.83219570 21940
ASTEX 1
1 05560U 71089A   26280.42100190  .00000241  00000+0  61057-4 0  9995
2 05560  92.7143 220.0660 0017875  89.0375 271.2879 14.50923271893000
SL-8 R/B
1 05730U 71119B   26280.07552897  .00007044  00000+0  36147-3 0  9993
2 05730  73.8848 139.5870 0537146  62.4589 303.0078 14.40652776685909
OAO 3 (COPERNICUS)
1 06153U 72065A   26280.12758508  .00000163  00000+0  37620-4 0  9990
2 06153  35.0046 172.5455 0005858  91.9071  59.9290 14.60111072877118
ATLAS CENTAUR R/B
1 06155U 72065B   26280.00882509  .00000595  00000+0  83652-4 0  9993
2 06155  35.0003 146.9004 0033530 348.0762  11.9142 14.78071329872544
SL-8 R/B
1 08459U 75112B   26280.44361265  .00000113  00000+0  45598-4 0  9990
2 08459  74.0630 349.3508 0015199  22.7704 337.4121 14.38285348662312
SL-3 R/B
1 10114U 77057B   26280.56176413  .00008909  00000+0  16096-3 0  9994
2 10114  97.5862 102.7731 0005362 227.6016 132.4782 15.49953014701104
SEASAT 1
1 10967U 78064A   26280.49737646  .00000142  00000+0  77905-4 0  9990
2 10967 108.0087 210.0216 0002566 289.9386  70.1483 14.46299482537136
SL-14 R/B
1 11267U 79011B   26280.43955600  .00000363  00000+0  33114-4 0  9992
2 11267  82.5214 255.6176 0017505  71.8159 288.4965 14.92091383560353
SL-8 R/B
1 11574U 79089B   26280.49204223  .00000179  00000+0  61961-4 0  9998
2 11574  74.0688  58.9514 0015629 180.6275 179.4865 14.42442508466647
SL-14 R/B
1 11672U 80005B   26279.98825135  .00000332  00000+0  30879-4 0  9995
2 11672  82.5109 106.7872 0015755 173.0927 187.0513 14.91106896507975
SL-8 R/B
1 12139U 81003B   26280.55099895  .00020888  00000+0  47850-3 0  9998
2 12139  82.9322  93.0645 0238634 157.2470 203.9561 15.17954306346744
SL-3 R/B
1 12465U 81046B   26280.60198282  .00008804  00000+0  17703-3 0  9991
2 12465  81.2314  34.4039 0016791   1.1131 359.0148 15.46306043471131
SL-3 R/B
1 12904U 81103B   26280.55724011  .00002508  00000+0  10538-3 0  9996
2 12904  81.1588 324.5351 0011450 292.4522  67.5497 15.23019707  5478
SL-3 R/B
1 13068U 82013B   26280.56197837  .00002102  00000+0  86690-4 0  9993
2 13068  81.1705 272.0883 0021696 180.0422 180.0813 15.23394896436591
SL-3 R/B
1 13154U 82039B   26280.56134567  .00002084  00000+0  12218-3 0  9991
2 13154  81.1492 331.2454 0030304 342.9065  17.1137 15.10975831413628
SL-3 R/B
1 13403U 82079B   26280.55465579  .00002907  00000+0  10909-3 0  9990
2 13403  81.1440 302.4855 0024075 164.3322 195.8664 15.26605583410002
SL-14 R/B
1 13553U 82092B   26280.52944095  .00000238  00000+0  23905-4 0  9999
2 13553  82.5656 303.1836 0019248 321.8717 191.0517 14.86811515360405
SL-3 R/B
1 13819U 83010B   26280.47595751  .00010501  00000+0  17416-3 0  9993
2 13819  81.0976 101.3910 0014504  25.0611 335.1337 15.51856649390736
SL-3 R/B
1 14208U 83075B   26280.56803087  .00006837  00000+0  15959-3 0  9998
2 14208  97.6111 293.8358 0019589 183.4802 176.6312 15.42361673362777
COSMOS 1536
1 14699U 84013A   26280.45191572  .00003985  00000+0  15301-3 0  9994
2 14699  82.5407 256.9335 0011692 254.5875 105.4072 15.26105178304894
SL-14 R/B
1 14820U 84027B   26280.45777823  .00000234  00000+0  23905-4 0  9998
2 14820  82.5424  46.4034 0017758 357.0954   3.0156 14.86121373279081
SL-8 R/B
1 15483U 85006B   26280.33057337  .00000161  00000+0  61847-4 0  9996
2 15483  74.0448 231.6848 0017071  94.4882  65.5397 14.37872302184446
SL-12 R/B(2)
1 15772U 85042D   26280.50785586  .00000036  00000+0  37530-4 0  9993
2 15772  71.1107   0.2059 0034192 159.4653 293.1613 14.22024479144503
SL-14 R/B
1 15945U 85069B   26280.24290063  .00000244  00000+0  24722-4 0  9996
2 15945  82.5298 185.9807 0017908 207.3749 152.6526 14.86580740204269
SL-16 R/B
1 16182U 85097B   26280.47077413 -.00000176  00000+0 -64195-4 0  9992
2 16182  71.0034  54.6820 0009766 288.6274 137.7380 14.16623560117221
SL-14 R/B
1 16496U 86006B   26280.49600564  .00000328  00000+0  32164-4 0  9990
2 16496  82.5260  60.4008 0074780 290.7356  68.5858 14.87025309180689
COSMOS 1743
1 16719U 86034A   26280.26577993  .00070452  00000+0  38873-3 0  9990
2 16719  82.5249 208.5363 0004250 128.9591 231.2055 15.79401492213409
SL-14 R/B
1 16792U 86046B   26280.62689907  .00000265  00000+0  27670-4 0  9992
2 16792  82.4807 239.9215 0021578 245.9825 113.9133 14.85734858157877
SL-14 R/B
1 16882U 86055B   26280.49780272  .00000271  00000+0  28368-4 0  9996
2 16882  82.5171 287.5421 0018663 356.2004 156.4860 14.85785675150815
AJISAI (EGS)
1 16908U 86061A   26280.63332587 -.00000085  00000+0  90617-4 0  9990
2 16908  50.0076 161.6265 0011414 106.0089 269.4512 12.44517539494395
SL-14 R/B
1 17567U 87024B   26280.31398866  .00000297  00000+0  30948-4 0  9994
2 17567  82.5256 253.8532 0016617 280.9329  79.0018 14.86276544119562
COSMOS 1833
1 17589U 87027A   26280.30939607 -.00000173  00000+0 -66550-4 0  9997
2 17589  70.9144 241.1953 0026073 246.6562 113.1815 14.13039386 40216
SL-16 R/B
1 17590U 87027B   26280.16210760  .00000053  00000+0  49819-4 0  9999
2 17590  71.0031 190.8623 0004735 185.4493 174.6580 14.17184913 45300
SL-14 R/B
1 17912U 87038B   26280.48549944  .00000290  00000+0  30726-4 0  9993
2 17912  82.4976  97.2890 0019145 180.0490 180.0728 14.85505655110670
COSMOS 1844
1 17973U 87041A   26280.39993936  .00000431  00000+0  24868-3 0  9994
2 17973  70.8988 307.6122 0028873  62.6554 297.7502 14.14587284 33525
SL-14 R/B
1 18153U 87055B   26280.15565483  .00000234  00000+0  23967-4 0  9997
2 18153  82.4996 149.6893 0021529  37.5744 322.6972 14.85769244101336
COSMOS 1867
1 18187U 87060A   26280.46919552 -.00000069  00000+0  11735-4 0  9991
2 18187  65.0099  73.6013 0018931 280.1541  79.7408 14.31525601 50254
SL-14 R/B
1 18749U 88001B   26280.29992190  .00000244  00000+0  25390-4 0  9997
2 18749  82.5163 356.2822 0016511 257.3681 102.5689 14.85670109 73440
COSMOS 1933
1 18958U 88020A   26280.41758493  .00003115  00000+0  14605-3 0  9996
2 18958  82.5139  41.2172 0004287 163.1288 197.0090 15.19319788 82365
SL-3 R/B
1 19046U 88032B   26280.59254632  .00002675  00000+0  12089-3 0  9997
2 19046  97.5388 263.6615 0024026 210.8178 149.1648 15.21597432 84310
SL-16 R/B
1 19120U 88039B   26280.50748654  .00000035  00000+0  39114-4 0  9997
2 19120  71.0165 340.6548 0021433   8.6950 351.4542 14.19638832988448
COSMOS 1953
1 19210U 88050A   26280.59145674  .00004340  00000+0  14219-3 0  9993
2 19210  82.5052 304.5706 0012267  94.8978 265.3664 15.31296753 70185
SL-8 R/B
1 19257U 88053B   26280.49107856  .00000211  00000+0  76732-4 0  9998
2 19257  74.0456  82.0351 0020598 212.5258 207.4062 14.39004460  6952
COSMOS 1975
1 19573U 88093A   26280.45159329  .00005000  00000+0  16788-3 0  9996
2 19573  82.5152 264.6675 0012474 134.5733 225.6528 15.30535893 51772
SL-14 R/B
1 19574U 88093B   26280.29019325  .00000290  00000+0  30367-4 0  9996
2 19574  82.5335 203.3945 0022026  59.9262 107.7131 14.85801215 32432
SL-16 R/B
1 19650U 88102B   26280.45473211  .00000155  00000+0  10253-3 0  9999
2 19650  70.9987  65.9105 0012706  41.4142 318.7942 14.16173741956875
INTERCOSMOS 24
1 20261U 89080A   26280.47972903  .00000378  00000+0  10413-3 0  9994
2 20261  82.6067 326.5562 1187614 161.1841 203.7353 12.59750371693462
SL-14 R/B
1 20262U 89080C   26280.41100958  .00000111  00000+0  24195-4 0  9990
2 20262  82.5960  37.2001 1230420  60.8033 311.0491 12.50611451686611
DELTA 1 R/B
1 20323U 89089B   26280.50428369  .00000265  00000+0  74022-4 0  9990
2 20323  97.0666  94.1230 0069142 171.7112 188.5246 14.50786669926448
ARIANE 40 R/B
1 20443U 90005H   26280.12753329  .00000116  00000+0  50192-4 0  9995
2 20443  98.2833 334.1923 0008926 290.3713  69.6517 14.39969882923235
DELTA 2 R/B(1)
1 20453U 90008B   26280.91844936  .01808000  20002-5  85132-3 0  9991
2 20453  35.5863 184.9007 0007650 176.9996 183.0807 16.20389868959584
COSMOS 2058
1 20465U 90010A   26280.35484477  .00001950  00000+0  11013-3 0  9990
2 20465  82.4699 198.6921 0008927 335.4135  24.6669 15.12546540974223
SL-14 R/B
1 20466U 90010B   26280.45841886  .00000231  00000+0  25069-4 0  9991
2 20466  82.5004  68.4851 0018845 325.5308  34.4683 14.83701788959887
SL-14 R/B
1 20511U 90018B   26280.41017046  .00000248  00000+0  28024-4 0  9991
2 20511  82.5244  25.1855 0017439 113.6609 246.6438 14.82274689953946
SL-16 R/B
1 20625U 90046B   26280.20543802  .00000220  00000+0  13796-3 0  9998
2 20625  70.9995 213.6786 0015066 334.8831  25.1557 14.15037954878318
COSMOS 2084
1 20663U 90055A   26280.45171974  .00001024  00000+0  82659-4 0  9992
2 20663  62.7897 332.7967 0020851 353.7840   6.2999 15.06494008968219
SL-6 R/B(2)
1 20666U 90055D   26280.33314127  .00001594  00000+0  12449-3 0  9992
2 20666  62.7805 253.6404 0058022  19.2564 341.0710 15.04337457970021
SL-8 R/B
1 20775U 90078B   26280.44147008  .00008096  00000+0  22055-3 0  9990
2 20775  82.8993  59.9080 0338607  17.8034 343.4712 14.95424616840887
SL-8 R/B
1 21088U 91006B   26280.35944634  .00000049  00000+0  34156-4 0  9996
2 21088  82.9467  12.5662 0023024 159.1153 270.1452 13.77525163793218
OKEAN-3
1 21397U 91039A   26280.06254573  .00001825  00000+0  12402-3 0  9991
2 21397  82.5142 131.8737 0013779 336.3668  23.6924 15.05731014896835
COSMOS 2151
1 21422U 91042A   26280.55413545  .00001131  00000+0  87042-4 0  9997
2 21422  82.4953 239.2147 0013863  66.0021 294.2653 15.00684338894963
SL-14 R/B
1 21423U 91042B   26280.37307369  .00000210  00000+0  23516-4 0  9997
2 21423  82.4962  21.6648 0015479 264.9393  95.0054 14.81955623884427
ERS-1
1 21574U 91050A   26280.06961601  .00000197  00000+0  77619-4 0  9991
2 21574  98.7756 303.4840 0030897 295.8230  63.9771 14.39574544846143
ARIANE 40 R/B
1 21610U 91050F   26280.10458524  .00000175  00000+0  64611-4 0  9996
2 21610  98.1757 324.0980 0003912 137.0536 223.0961 14.43009452849483
INTERCOSMOS 25
1 21819U 91086A   26280.19243770  .00001660  00000+0  32041-3 0  9991
2 21819  82.6074 182.0710 1485335  20.8148 344.7391 12.12396866522319
SL-8 R/B
1 21876U 92008B   26280.47308351 -.00000026  00000+0 -42448-4 0  9997
2 21876  82.9229 110.3044 0033448 262.9839 162.4004 13.75991866738541
SL-8 R/B
1 21938U 92020B   26280.29026772  .00000034  00000+0  19481-4 0  9992
2 21938  82.9346 356.5833 0030287  68.4427 352.6345 13.75561669730222
USA 81
1 21949U 92023A   26280.32330873  .00000103  00000+0  30593-4 0  9995
2 21949  85.0124   9.2781 0002724  88.8896 271.2609 14.32421923125080
COSMOS 2219
1 22219U 92076A   26280.30901658  .00000132  00000+0  93863-4 0  9998
2 22219  71.0583 295.6787 0019989 239.7801 120.1343 14.14107510748290
SL-16 R/B
1 22220U 92076B   26280.01954528  .00000165  00000+0  10605-3 0  9990
2 22220  70.9975 103.2011 0011261 140.2983  22.7232 14.16882512751765
COSMOS 2221
1 22236U 92080A   26280.45846266  .00001104  00000+0  94045-4 0  9994
2 22236  82.5009  76.1647 0013750 194.7343 165.3480 14.96787538812465
SL-16 R/B
1 22285U 92093B   26280.46507090  .00000353  00000+0  20486-3 0  9994
2 22285  71.0200 279.6803 0005381 320.5991  39.4740 14.15474531743121
COSMOS 2228
1 22286U 92094A   26280.59388448  .00001216  00000+0  10082-3 0  9994
2 22286  82.5200  34.3243 0016483 310.9728  49.0067 14.97880316807772
SL-16 R/B
1 22566U 93016B   26280.03301126 -.00000063  00000+0 -80017-5 0  9995
2 22566  71.0062 131.2955 0010652 348.5723  11.5156 14.15323992732078
COSMOS 2242
1 22626U 93024A   26280.53852382  .00001085  00000+0  91459-4 0  9995
2 22626  82.5172  64.0107 0015003 315.8914  44.1111 14.97173783812084
SL-16 R/B
1 22803U 93059B   26280.42986546 -.00000041  00000+0  36963-5 0  9990
2 22803  70.9885 284.5958 0019345 250.3910 109.5125 14.17258262709532
ARIANE 40 R/B
1 22830U 93061H   26280.20843602  .00000076  00000+0  43489-4 0  9991
2 22830  98.4702 344.6727 0011013  23.8990 336.2703 14.32942696724392
COSMOS 2278
1 23087U 94023A   26280.48351051 -.00000243  00000+0 -10216-3 0  9996
2 23087  71.0516  91.9706 0006796  54.2625 305.9129 14.14410495674757
SL-16 R/B
1 23088U 94023B   26280.43526478  .00000299  00000+0  17897-3 0  9990
2 23088  71.0021 346.1970 0004663 310.1726  49.8988 14.15033451676049
SL-16 R/B
1 23343U 94074B   26280.06731491  .00000232  00000+0  37480-4 0  9990
2 23343  97.6938 302.0999 0005196 247.8095 134.0875 14.79577541718506
SL-16 R/B
1 23405U 94077B   26280.40503933 -.00000196  00000+0 -75884-4 0  9999
2 23405  70.9813 267.0677 0004225 237.5342 122.5372 14.15584961646190
ARIANE 40+ R/B
1 23561U 95021B   26280.20708095  .00000173  00000+0  69011-4 0  9994
2 23561  98.4305 348.6034 0006000 219.6698 167.9190 14.39881290649684
SL-16 R/B
1 23705U 95058B   26280.49285459 -.00000251  00000+0 -10374-3 0  9995
2 23705  71.0192  95.5677 0011716 167.1600 192.9824 14.15518678597827
SL-16 R/B
1 24298U 96051B   26280.49133069  .00000055  00000+0  56550-4 0  9993
2 24298  70.7668  87.0059 0017724 193.1162 166.9499 14.12486978551559
ORBVIEW 2 (SEASTAR)
1 24883U 97037A   26280.44289666  .00000145  00000+0  66547-4 0  9995
2 24883  98.8791  90.6572 0002781 137.4964 222.6436 14.35598471538851
SL-16 R/B
1 25400U 98043G   26280.48191629  .00000016  00000+0  25519-4 0  9995
2 25400  98.8512 235.6762 0010748 117.6140 242.6132 14.26083646469174
SL-16 R/B
1 25407U 98045B   26280.47045178  .00000100  00000+0  74355-4 0  9996
2 25407  71.0086  96.1938 0005621  51.7771 308.3857 14.16212145457085
CZ-4B R/B
1 25732U 99025C   26280.60989564  .00000026  00000+0  32907-4 0  9991
2 25732  98.6373 319.5591 0038203  95.0280  66.4621 14.18297713418203
OKEAN-O
1 25860U 99039A   26280.60602398  .00000269  00000+0  41848-4 0  9998
2 25860  97.9186 338.0405 0001548  71.8162 288.3219 14.80569368465748
SL-16 R/B
1 25861U 99039B   26280.18621870  .00000250  00000+0  38400-4 0  9998
2 25861  97.9708 338.6556 0013445 292.8796  67.0997 14.81932934468189
DELTA 2 R/B
1 25876U 99041E   26280.13730334  .00000016  00000+0  40685-4 0  9996
2 25876  51.7643 176.4082 0499803 252.5985 101.9722 14.12265568392908
HELIOS 1B
1 25977U 99064A   26280.33384828  .00000850  00000+0  98410-4 0  9993
2 25977  98.1510 188.6650 0002479  88.0878 272.0622 14.88239643716734
SL-16 R/B
1 26070U 00006B   26280.46995393 -.00000263  00000+0 -10935-3 0  9990
2 26070  71.0050  12.5282 0018139 225.1805 134.7845 14.15846258378537
TITAN 4B R/B
1 26474U 00047B   26280.56597600  .00001432  00000+0  93113-4 0  9990
2 26474  67.9886 164.1225 0039766 170.0598 190.1348 15.10688023424900
IDEFIX & ARIANE 42P R/B
1 27422U 02021B   26280.41477003  .00000120  00000+0  62143-4 0  9998
2 27422  98.6013 216.7087 0010736 287.0806  72.9200 14.31124015274303
CZ-4B R/B
1 27432U 02024C   26280.58467221  .00000014  00000+0  29586-4 0  9997
2 27432  98.8572 332.6055 0050843 140.0920  30.4758 14.14577540259190
MIDORI II (ADEOS-II)
1 27597U 02056A   26280.48864234  .00000142  00000+0  73443-4 0  9991
2 27597  98.8032 240.7789 0002096  91.1847 268.9575 14.29397153240558
H-2A R/B
1 27601U 02056E   26280.51128943  .00000147  00000+0  66253-4 0  9997
2 27601  98.3458 233.1616 0068889 250.4577 220.8056 14.33871332244464
CZ-4B R/B
1 28059U 03049C   26280.45139467  .00000226  00000+0  63427-4 0  9992
2 28059  98.6963 283.8082 0047147 306.3676  53.3174 14.55163391217395
SL-16 R/B
1 28353U 04021B   26280.02717239  .00000256  00000+0  15795-3 0  9999
2 28353  71.0000 148.9770 0003041  69.2070 290.9378 14.14624283152729
CZ-4B R/B
1 28415U 04035C   26280.52546584  .00004804  00000+0  15617-3 0  9997
2 28415  97.3286 312.3903 0028109 296.0625  63.7723 15.32003292212312
CZ-2C R/B
1 28480U 04046B   26280.30597180  .00000049  00000+0  33722-4 0  9990
2 28480  98.1824 182.0077 0138098 248.8134 109.8246 14.27056580138684
ARIANE 5 R/B
1 28499U 04049H   26280.48264709  .00000364  00000+0  46616-4 0  9996
2 28499  98.2791  97.1544 0084220  25.4847 335.0483 14.85579060177237
CZ-2D R/B
1 28738U 05024B   26280.04883716  .00100872  00000+0  42228-3 0  9992
2 28738  97.3381 306.2258 0000804  95.8079 264.3283 15.85329106172960
ALOS (DAICHI)
1 28931U 06002A   26280.45908219  .00000776  00000+0  13694-3 0  9992
2 28931  98.1466 235.7629 0001465  52.5675 307.5664 14.70256308104595
H-2A R/B
1 28932U 06002B   26280.51798782  .00005018  00000+0  23390-3 0  9990
2 28932  98.2676  86.7332 0048305 238.5479 121.1026 15.19388044126578
RESURS-DK 1
1 29228U 06021A   26280.46299198  .00001155  00000+0  70281-4 0  9991
2 29228  69.9325  48.8294 0003095 186.5513 173.5613 15.13575832119568
CZ-4B R/B
1 29507U 06046C   26280.56453214  .00002459  00000+0  12123-3 0  9998
2 29507  97.5338 324.8071 0030548 250.8212 108.9715 15.18516478 92182
CZ-2C R/B
1 31114U 07010B   26280.49552970  .00000023  00000+0  29568-4 0  9995
2 31114  98.4160  23.3864 0059645  39.4282 321.1214 14.20297916  9771
COSMO-SKYMED 1
1 31598U 07023A   26280.60518626  .00001415  00000+0  12654-3 0  9991
2 31598  97.8800 113.4412 0001078  97.0680 263.0664 14.97509686 46611
COSMOS 2428
1 31792U 07029A   26279.99911964 -.00000144  00000+0 -51716-4 0  9998
2 31792  70.9410 119.7499 0012229 300.3768  59.6144 14.12975902993941
SL-16 R/B
1 31793U 07029B   26280.52086557  .00000317  00000+0  18876-3 0  9990
2 31793  70.9732  87.0862 0001911 278.8663 138.1629 14.14862671995335
KORONAS-FOTON
1 33504U 09003A   26280.44374450  .00011410  00000+0  21738-3 0  9996
2 33504  82.4281  54.9309 0010783 107.5491 252.6938 15.47968434978457
CZ-2C R/B
1 37731U 11030B   26280.49667462  .00000742  00000+0  98966-4 0  9992
2 37731  97.8798 233.9438 0052729  22.4064  72.8474 14.81657246821452
H-2A R/B
1 38341U 12025E   26280.46298907  .00001275  00000+0  11750-3 0  9993
2 38341  98.4971 264.9807 0043261 341.4169  18.5468 14.96133246779878
SHIJIAN-16 (SJ-16)
1 39358U 13057A   26280.63560910  .00000649  00000+0  65473-4 0  9999
2 39358  74.9720 143.6779 0016396 314.3940  45.5905 14.92817682703124
SL-4 R/B
1 39679U 14021B   26280.49170360  .00013186  00000+0  25256-3 0  9991
2 39679  51.6059  19.6569 0085807 158.1842 202.2834 15.44426729688956
ALOS-2
1 39766U 14029A   26280.88313278  .00000481  00000+0  71334-4 0  9999
2 39766  97.9231  16.4323 0001497  98.1929 261.9452 14.79475045668243
YAOGAN-29
1 41038U 15069A   26280.64422568  .00000754  00000+0  99133-4 0  9996
2 41038  97.9971 309.4194 0002439  52.9608 307.1829 14.83156730587297
ASTRO-H (HITOMI)
1 41337U 16012A   26280.55243023  .00001555  00000+0  85311-4 0  9997
2 41337  30.9989  68.2405 0009549 304.8648  55.1092 15.10938475584296
HXMT (HUIYAN)
1 42758U 17034A   26280.45401983  .00003213  00000+0  15918-3 0  9998
2 42758  43.0140 277.5113 0030552 139.7163 220.5957 15.19284407514732
SAOCOM 1A
1 43641U 18076A   26280.60865758  .00000500  00000+0  69419-4 0  9990
2 43641  97.8886 105.7463 0001481  87.4455 272.6927 14.82157049432756
H-2A R/B
1 43682U 18084L   26280.27359439  .00019417  00000+0  35432-3 0  9995
2 43682  98.8400 183.9418 0020815   8.9345 351.2267 15.49265034438452
SAOCOM 1B
1 46265U 20059A   26280.57238056 -.00000045  00000+0  90140-6 0  9992
2 46265  97.8887 104.8117 0001417  86.0809 274.0566 14.82156141330131
COSMOS 2550
1 48865U 21056A   26281.02880411  .00003294  00000+0  10592-3 0  9995
2 48865  67.1409 118.5609 0008347 269.4478  90.5720 15.33827779296026
CZ-2C R/B
1 52794U 22058K   26280.22692302  .00041827  00000+0  32684-3 0  9995
2 52794  50.1827 296.9167 0029040  25.0703 335.1677 15.70596888243204
CZ-2C R/B
1 54039U 22132E   26280.49024781  .00123767  76002-5  42665-3 0  9996
2 54039  97.2837 293.8499 0007650  33.3963 326.7791 15.89564601223678
GSLV R/B
1 54149U 22138AN  26280.51626171  .00001388  00000+0  11554-3 0  9994
2 54149  87.3724  95.2008 0023573  99.4871 260.9027 14.97642449215620
XRISM
1 57800U 23137A   26280.54943171  .00003047  00000+0  16176-3 0  9995
2 57800  31.0036 351.2991 0007474  19.1406 340.9513 15.13253353169897
ACS3
1 59588U 24077B   26280.27467037  .00006201  00000+0  43384-2 0  9991
2 59588  97.2402 174.7446 0044270 350.7332   9.3015 13.98168894123689
SPACEMOBILE-003
1 61045U 24163A   26280.60757770  .00000053  00000+0  17224-4 0  9996
2 61045  52.9735 152.5800 0007391  91.5944 268.5896 15.20402181114871
SPACEMOBILE-005
1 61046U 24163B   26280.06627307  .00004906  00000+0  23647-3 0  9995
2 61046  52.9765 155.0769 0010917  86.7562 273.4681 15.20439957114785
SPACEMOBILE-001
1 61047U 24163C   26280.06508092  .00000789  00000+0  50542-4 0  9995
2 61047  52.9717 154.7519 0008853  92.0945 268.1063 15.20442006114787
SPACEMOBILE-002
1 61048U 24163D   26279.91802787  .00014981  00000+0  69141-3 0  9999
2 61048  52.9712 155.5147 0007893  90.4266 269.7632 15.20418049114767
SPACEMOBILE-004
1 61049U 24163E   26279.96567979  .00009709  00000+0  45352-3 0  9996
2 61049  52.9714 155.0448 0009169 116.8925 243.3007 15.20419629114772
CZ-8A R/B
1 66004U 25231K   26280.54898723 -.00000012  00000+0  53854-4 0  9995
2 66004  50.0039 281.2552 0116831 259.9550  98.8167 14.30188953 51024
SPACEMOBILE-006
1 67232U 25309A   26280.04445550  .00001008  00000+0  62861-4 0  9999
2 67232  52.9940 179.1113 0012175 115.4717 244.7537 15.18971649 43590
SPACEMOBILE-008
1 69589U 26139A   26279.98339127  .00000613  00000+0  51103-4 0  9999
2 69589  52.9940 114.9277 0002588 326.4301  33.6526 15.13031900 16905
SPACEMOBILE-009
1 69590U 26139B   26279.99114213  .00000619  00000+0  51594-4 0  9999
2 69590  52.9932 114.9625 0002738 318.1578  41.9203 15.12926821 16904
SPACEMOBILE-010
1 69591U 26139C   26280.53112049  .00000833  00000+0  63852-4 0  9995
2 69591  52.9938 112.6390 0002722 305.1120  54.9616 15.12787521 16990
DMSP 5D-3 F16 (USA 172)
1 28054U 03048A   26280.64431220  .00000034  00000+0  41169-4 0  9995
2 28054  98.9839 305.1910 0007028 180.4051 286.3602 14.14493604185380
METEOSAT-9 (MSG-2)
1 28912U 05049B   26279.94433897  .00000114  00000+0  00000+0 0  9997
2 28912   9.6115  53.0343 0001500   0.4894 347.7294  1.00272256  8116
DMSP 5D-3 F17 (USA 191)
1 29522U 06050A   26280.60007912  .00000086  00000+0  66541-4 0  9993
2 29522  98.7428 284.8968 0011225  94.6868 265.5588 14.15013341 28324
FENGYUN 3A
1 32958U 08026A   26280.46776022  .00000028  00000+0  33960-4 0  9999
2 32958  98.6971 219.2344 0008975 157.8803 202.2763 14.19590392951331
EWS-G3 (GOES 14)
1 35491U 09033A   26280.46832455  .00000016  00000+0  00000+0 0  9997
2 35491   1.9741  81.4405 0002190 116.8430  53.1810  1.00070882  7712
DMSP 5D-3 F18 (USA 210)
1 35951U 09057A   26280.57719487  .00000117  00000+0  83681-4 0  9998
2 35951  98.9185 261.1774 0010097 295.4434  64.5694 14.14949079875485
EWS-G2 (GOES 15)
1 36411U 10008A   26280.55762905  .00000007  00000+0  00000+0 0  9996
2 36411   1.5818  81.7339 0004717  92.9283 105.6349  1.00272883 60761
FENGYUN 3B
1 37214U 10059A   26280.62199912  .00000101  00000+0  75667-4 0  9995
2 37214  98.9510 327.0463 0021239 226.2922 285.4710 14.14861079823324
SUOMI NPP
1 37849U 11061A   26280.62406581  .00000025  00000+0  32958-4 0  9997
2 37849  98.8043 220.7673 0002192  32.5472 327.5839 14.19537086774390
METEOSAT-10 (MSG-3)
1 38552U 12035B   26280.24128917 -.00000018  00000+0  00000+0 0  9994
2 38552   4.9336  60.3841 0000859 144.8264 257.7211  1.00274846 51983
METOP-B
1 38771U 12049A   26280.60308189  .00000044  00000+0  39695-4 0  9998
2 38771  98.6377 329.7900 0002809  44.7368 315.4035 14.21463078729239
INSAT-3D
1 39216U 13038B   26280.57267043 -.00000353  00000+0  00000+0 0  9998
2 39216   2.2101  80.9859 0001871 134.7472 136.1855  1.00271273 48209
FENGYUN 3C
1 39260U 13052A   26280.62600903  .00000041  00000+0  42131-4 0  9994
2 39260  98.5151 249.4184 0015704  61.7998 298.4760 14.15775620674472
METEOR-M 2
1 40069U 14037A   26280.62780948  .00000123  00000+0  75620-4 0  9995
2 40069  98.5272 252.4648 0006959  72.4586 287.7352 14.21488033635299
HIMAWARI-8
1 40267U 14060A   26280.31433602 -.00000292  00000+0  00000+0 0  9992
2 40267   0.0323  28.4913 0001343 207.8516  33.4577  1.00272613 43880
FENGYUN 2G
1 40367U 14090A   26280.66209663 -.00000311  00000+0  00000+0 0  9994
2 40367   5.9178  71.3978 0004473 187.7053  95.0669  1.00263142 43120
METEOSAT-11 (MSG-4)
1 40732U 15034A   26280.24319584  .00000052  00000+0  00000+0 0  9998
2 40732   3.4769  70.2855 0000460 106.2705 296.5242  1.00280092  8342
ELEKTRO-L 2
1 41105U 15074A   26280.23834249 -.00000128  00000+0  00000+0 0  9991
2 41105   6.9703  69.0996 0002669 196.3203 181.7522  1.00270617 39635
SENTINEL-3A
1 41335U 16011A   26280.63472993  .00000042  00000+0  35356-4 0  9997
2 41335  98.6252 346.3917 0001289 103.5950 256.5374 14.26738753554097
INSAT-3DR
1 41752U 16054A   26280.55283855 -.00000093  00000+0  00000+0 0  9995
2 41752   0.0929  86.3784 0012527 178.7296  24.1220  1.00271206 36946
HIMAWARI-9
1 41836U 16064A   26280.19786900 -.00000292  00000+0  00000+0 0  9999
2 41836   0.0217 309.3604 0001025 281.7521 356.7477  1.00272002 36331
GOES 16
1 41866U 16071A   26280.50567801 -.00000107  00000+0  00000+0 0  9997
2 41866   0.6141  83.9714 0002187 149.5019 220.0363  1.00271195 36234
FENGYUN 4A
1 41882U 16077A   26280.26564259 -.00000372  00000+0  00000+0 0  9992
2 41882   2.6009  78.8468 0008439 168.2236 347.6337  1.00273673 36051
CYGFM05
1 41884U 16078A   26280.29753350  .00021886  00000+0  24589-3 0  9994
2 41884  34.9550 235.4911 0005027 168.1314 191.9531 15.61603850546263
CYGFM04
1 41885U 16078B   26280.18089456  .00032473  00000+0  27919-3 0  9996
2 41885  34.9302 197.4033 0005649 229.1964 130.8273 15.68241560546550
CYGFM02
1 41886U 16078C   26280.16047869  .00044828  00000+0  30868-3 0  9991
2 41886  34.9384 187.8233 0006685 239.3433 120.6638 15.73460536546768
CYGFM01
1 41887U 16078D   26280.29457180  .00023309  00000+0  25294-3 0  9995
2 41887  34.9379 235.5498 0004598 165.3954 194.6905 15.62488500546222
CYGFM08
1 41888U 16078E   26280.22158293  .00028499  00000+0  26703-3 0  9993
2 41888  34.9413 212.1572 0006446 201.2537 158.7923 15.66142473546510
CYGFM07
1 41890U 16078G   26280.17266966  .00029563  00000+0  27539-3 0  9998
2 41890  34.9425 200.7120 0005901 222.4455 137.5816 15.66285601546536
CYGFM03
1 41891U 16078H   26280.20859920  .00029093  00000+0  27134-3 0  9990
2 41891  34.9385 202.3851 0004895 214.1285 145.9128 15.66265094546512
FENGYUN 3D
1 43010U 17072A   26280.62434256  .00000194  00000+0  11329-3 0  9997
2 43010  99.0282 257.1569 0002518  85.1881 274.9582 14.19759651460940
NOAA 20 (JPSS-1)
1 43013U 17073A   26280.56736155  .00000027  00000+0  33837-4 0  9991
2 43013  98.7854 219.0625 0000615  30.2345 329.8867 14.19529436460410
GOES 17
1 43226U 18022A   26280.50862469 -.00000198  00000+0  00000+0 0  9995
2 43226   1.2211  83.7944 0001096 156.8708 229.1179  1.00272348 31554
FENGYUN 2H
1 43491U 18050A   26280.04316840 -.00000143  00000+0  00000+0 0  9996
2 43491   3.3127  77.6517 0003159 157.0169 235.8479  1.00269644 30563
METOP-C
1 43689U 18087A   26280.54771651  .00000042  00000+0  39412-4 0  9996
2 43689  98.7305 338.2581 0000441 129.1546 230.9671 14.21476589410797
GEO-KOMPSAT-2A
1 43823U 18100A   26279.93460766  .00000000  00000+0  00000+0 0  9995
2 43823   0.0109  98.6748 0001241  36.8966 344.7336  1.00267465 28753
METEOR-M2 2
1 44387U 19038A   26280.56727863 -.00000026  00000+0  87709-5 0  9993
2 44387  98.9273 269.5772 0002285  67.1237 293.0182 14.24390449377290
ARKTIKA-M 1
1 47719U 21016A   26280.13916984 -.00000111  00000+0  00000+0 0  9999
2 47719  63.2886  41.1607 7326214 270.4477  14.3217  2.00636870 41036
FENGYUN 3E
1 49008U 21062A   26280.59612421 -.00000262  00000+0 -10277-3 0  9991
2 49008  98.7561 282.7820 0002598 107.7113 252.4347 14.19911496272533
NOAA 21 (JPSS-2)
1 54234U 22150A   26280.59834207  .00000005  00000+0  23012-4 0  9990
2 54234  98.7135 217.5239 0000958 200.3246 159.7892 14.19552120202499
METEOSAT-12 (MTG-I1)
1 54743U 22170C   26280.24120250 -.00000023  00000+0  00000+0 0  9993
2 54743   0.7578  22.8402 0003097  93.8961 345.6726  1.00275263 14100
TIANMU-1 03
1 55973U 23039A   26280.60131668  .00012139  00000+0  21683-3 0  9993
2 55973  97.5259  99.2706 0003623  66.9860 293.1773 15.50189044198232
TIANMU-1 04
1 55974U 23039B   26280.60811214  .00012721  00000+0  22154-3 0  9997
2 55974  97.5182  98.4470 0004352  47.1035 313.0581 15.50893352198257
TIANMU-1 05
1 55975U 23039C   26280.58807025  .00012313  00000+0  22062-3 0  9995
2 55975  97.5245  98.8290 0003326  74.8376 285.3243 15.50098352198216
TIANMU-1 06
1 55976U 23039D   26280.61975727  .00012669  00000+0  22167-3 0  9995
2 55976  97.5252  99.6164 0003014  70.5148 289.6428 15.50766759198257
FENGYUN 3G
1 56232U 23055A   26272.26318046  .00016751  00000+0  25793-3 0  9990
2 56232  49.9916 169.2876 0010954  97.6393 262.5820 15.54217677196188
METEOR-M2 3
1 57166U 23091A   26280.58807433 -.00000011  00000+0  13871-4 0  9992
2 57166  98.5961 333.1940 0003719 187.0429 173.0699 14.24053615170519
TIANMU-1 07
1 57399U 23101A   26280.56338722  .00004284  00000+0  14602-3 0  9997
2 57399  97.2480 328.6618 0004226  96.9928 263.1794 15.30892054178832
TIANMU-1 08
1 57400U 23101B   26280.59535126  .00004291  00000+0  14624-3 0  9992
2 57400  97.2468 328.4471 0005508  86.5954 273.5917 15.30888979178837
TIANMU-1 09
1 57401U 23101C   26280.57787689  .00004369  00000+0  14890-3 0  9995
2 57401  97.2428 327.7854 0005064  98.6650 261.5165 15.30877600178836
TIANMU-1 10
1 57402U 23101D   26280.61001900  .00004457  00000+0  15156-3 0  9990
2 57402  97.2506 328.9881 0006266  96.0836 264.1120 15.30932961178832
FENGYUN 3F
1 57490U 23111A   26280.57713944  .00000014  00000+0  26835-4 0  9993
2 57490  98.6731 348.4283 0001487 103.1385 256.9958 14.19953601164817
TIANMU-1 11
1 58645U 23205A   26280.59787463  .00003730  00000+0  13941-3 0  9990
2 58645  97.3416 300.4490 0007632 337.7021  22.3885 15.27941854154689
TIANMU-1 12
1 58646U 23205B   26280.58817449  .00003807  00000+0  14369-3 0  9998
2 58646  97.3406 300.1337 0006081 322.8928  37.1890 15.27616971154661
TIANMU-1 13
1 58647U 23205C   26280.62011089  .00003805  00000+0  14370-3 0  9990
2 58647  97.3433 300.4787 0004411 300.0590  60.0211 15.27607442154667
TIANMU-1 14
1 58648U 23205D   26280.60289462  .00003860  00000+0  14561-3 0  9994
2 58648  97.3373 299.5557 0005240 306.0493  54.0261 15.27629581154669
TIANMU-1 19
1 58660U 23208A   26280.60530172  .00006396  00000+0  20263-3 0  9991
2 58660  97.4596  37.6654 0003374 274.4630  85.6226 15.33083103154546
TIANMU-1 20
1 58661U 23208B   26280.55579465  .00006757  00000+0  20599-3 0  9997
2 58661  97.4542  38.3703 0005452 282.2044  77.8588 15.34278129154646
TIANMU-1 21
1 58662U 23208C   26280.55970766  .00007839  00000+0  21963-3 0  9995
2 58662  97.4608  41.5733 0005447 273.2252  86.8369 15.36884656154810
TIANMU-1 22
1 58663U 23208D   26280.56435446  .00005818  00000+0  18828-3 0  9999
2 58663  97.4593  37.4550 0002326 315.3684  44.7370 15.32441329154531
TIANMU-1 15
1 58700U 24004A   26280.60002356  .00004081  00000+0  15388-3 0  9990
2 58700  97.4657 106.8567 0005880 307.4483  52.6221 15.27622036152935
TIANMU-1 16
1 58701U 24004B   26280.58502373  .00003953  00000+0  14912-3 0  9991
2 58701  97.4608 106.0119 0004575 325.1863  34.9076 15.27637819152932
TIANMU-1 17
1 58702U 24004C   26280.63494278  .00003886  00000+0  14624-3 0  9997
2 58702  97.4633 106.5890 0004569 335.5029  24.5993 15.27724306152935
TIANMU-1 18
1 58703U 24004D   26280.61725869  .00003855  00000+0  14603-3 0  9992
2 58703  97.4650 106.8384 0004137 314.2000  45.8899 15.27508493152938
INSAT-3DS
1 58990U 24033A   26280.47135788 -.00000173  00000+0  00000+0 0  9994
2 58990   0.0372  95.1967 0001357 105.0969  67.5916  1.00273100 48198
METEOR-M2 4
1 59051U 24039A   26280.58951269 -.00000001  00000+0  19342-4 0  9995
2 59051  98.7169 238.5462 0006557 196.5815 163.5150 14.22439295135247
GOES 19
1 60133U 24119A   26280.41786317 -.00000265  00000+0  00000+0 0  9997
2 60133   0.0419  40.3378 0000711 231.9383 179.0514  1.00271589  8088
MTG-S1
1 64723U 25143A   26279.24337438 -.00000023  00000+0  00000+0 0  9991
2 64723   0.6120 345.3468 0004185 257.6015 219.4469  1.00275089  4539
METOP-SGA1
1 65159U 25172A   26280.15963519  .00000014  00000+0  26586-4 0  9995
2 65159  98.7418 337.9711 0000872 103.3268 256.8007 14.21469173 59691
FENGYUN 3H
1 65815U 25219A   26280.43404673  .00000023  00000+0  31268-4 0  9991
2 65815  98.6854 219.0531 0001565  85.6414 274.4942 14.19935716 53313
SCD 1
1 22490U 93009B   26280.25078935  .00000338  00000+0  41450-4 0  9996
2 22490  24.9694 235.6298 0041658 243.9382 254.7259 14.46155151777359
TECHSAT 1B (GO-32)
1 25397U 98043D   26280.45243725  .00000031  00000+0  33551-4 0  9994
2 25397  99.0170 276.0971 0000374 211.5822 148.5333 14.24445907467319
SCD 2
1 25504U 98060A   26280.55636936  .00000309  00000+0  35331-4 0  9990
2 25504  24.9945  99.1577 0016579 230.3603 174.8550 14.45559219476602
DLR-TUBSAT
1 25757U 99029B   26280.51488538  .00000031  00000+0  19561-4 0  9994
2 25757  98.6780 279.7648 0014424  13.4983 346.6595 14.52448754449551
MAROC-TUBSAT
1 27004U 01056D   26280.52195010 -.00000029  00000+0  20280-4 0  9993
2 27004  99.8133  99.5495 0019379 213.6285 214.8999 13.70266202241575
SHIYAN-1 (SY-1)
1 28220U 04012A   26280.23569784  .00010167  00000+0  28899-3 0  9996
2 28220  97.8628   5.7636 0004705 354.7519   5.3673 15.36373008228285
IRS-P5 (CARTOSAT-1)
1 28649U 05017A   26280.47582496  .00000791  00000+0  84777-4 0  9998
2 28649  97.5274 298.4448 0002411  73.3179 286.8305 14.91275581160554
SINAH 1
1 28893U 05043D   26280.60635542  .00000165  00000+0  40780-4 0  9995
2 28893  98.3024  55.6968 0013194 285.5680  74.4065 14.64219319116979
ARIRANG-2 (KOMPSAT-2)
1 29268U 06031A   26280.60830397  .00000061  00000+0  19827-4 0  9998
2 29268  97.8337  99.6573 0015838  77.7778  12.9101 14.64713643 77932
LAPAN-TUBSAT
1 29709U 07001A   26280.57036794  .00000925  00000+0  11226-3 0  9994
2 29709  98.1416 282.3774 0012122 173.3733 186.7644 14.86043216 67842
HAIYANG-1B
1 31113U 07010A   26280.50545720  .00000047  00000+0  33849-4 0  9994
2 31113  98.3646 258.0700 0012507 225.5050 134.5112 14.31049387 16704
TERRASAR-X
1 31698U 07026A   26280.49717725 -.00000067  00000+0  25105-7 0  9995
2 31698  97.4473 286.6128 0001820  98.0054 262.1387 15.19151571 70274
WORLDVIEW-1 (WV-1)
1 32060U 07041A   26280.60081223  .00003899  00000+0  16389-3 0  9991
2 32060  97.3837  38.7405 0003485   4.8559 355.2711 15.24005187 60001
YAOGAN-3
1 32289U 07055A   26280.60729709  .00000901  00000+0  96503-4 0  9995
2 32289  97.8094 309.3602 0001694  78.7943 281.3465 14.91114360 22625
COSMO-SKYMED 2
1 32376U 07059A   26280.56615642  .00000248  00000+0  37776-4 0  9992
2 32376  97.8904 102.5696 0001379  90.6152 269.5219 14.82149130 18659
RADARSAT-2
1 32382U 07061A   26280.62097889  .00000187  00000+0  89358-4 0  9991
2 32382  98.5829 285.9683 0001200  83.5255 276.6064 14.29983086982025
CARTOSAT-2A
1 32783U 08021A   26280.60100019  .00000205  00000+0  34142-4 0  9993
2 32783  97.7520 325.4057 0013234 103.9101 256.3584 14.79346029995426
HUANJING 1A (HJ-1A)
1 33320U 08041A   26280.62680591  .00000314  00000+0  43647-4 0  9994
2 33320  97.6818 262.2085 0020004 126.1156 234.1915 14.84190054975085
HUANJING 1B (HJ-1B)
1 33321U 08041B   26280.64821860  .00000627  00000+0  81736-4 0  9991
2 33321  97.6646 265.0532 0036196 171.8769 188.3040 14.83486352975086
GEOEYE 1
1 33331U 08042A   26280.53055515  .00000199  00000+0  46279-4 0  9994
2 33331  98.1239 353.0931 0005723  71.1558 289.0265 14.64702158966590
THEOS
1 33396U 08049A   26280.55675484  .00000500  00000+0  25419-3 0  9995
2 33396  98.5452 334.1193 0001213  83.4100 276.7215 14.20146388933918
COSMO-SKYMED 3
1 33412U 08054A   26280.60298664  .00002565  00000+0  17289-3 0  9996
2 33412  97.8118 140.9961 0013817 242.7110 117.2711 15.07533128973875
YAOGAN-4
1 33446U 08061A   26280.41847943  .00000556  00000+0  74325-4 0  9993
2 33446  97.9357 213.1296 0015597  67.1396 293.1463 14.83371688962302
GOSAT (IBUKI)
1 33492U 09002A   26280.29813462  .00000396  00000+0  78290-4 0  9992
2 33492  98.0978  30.0234 0001509  85.8405 274.2972 14.67537740947907
DEIMOS-1
1 35681U 09041A   26280.57192934  .00000135  00000+0  26953-4 0  9992
2 35681  97.7551  73.0407 0001719 131.8805 228.2552 14.75330011923458
DUBAISAT-1
1 35682U 09041B   26280.34478461  .00000533  00000+0  86212-4 0  9996
2 35682  98.0213  52.4884 0011603  73.4584 286.7899 14.75277845921632
OCEANSAT-2
1 35931U 09051A   26280.57508700  .00000365  00000+0  27496-3 0  9990
2 35931  98.2469 256.2649 0014226 281.2136  78.7432 13.99670932895050
WORLDVIEW-2 (WV-2)
1 35946U 09055A   26280.61377679  .00000054  00000+0  32409-4 0  9990
2 35946  98.4725 352.5110 0003345 237.9702 122.1160 14.37924693891803
SMOS
1 36036U 09059A   26280.49555048  .00000178  00000+0  70735-4 0  9990
2 36036  98.4423 106.2030 0001066  76.6420 283.4887 14.39775376889614
YAOGAN-7
1 36110U 09069A   26280.26362633  .00000292  00000+0  47473-4 0  9995
2 36110  97.9882 165.3344 0025485  40.1406 320.1681 14.78092839906187
TANDEM-X
1 36605U 10030A   26280.36544190 -.00000057  00000+0  48968-6 0  9997
2 36605  97.4465 286.4833 0001753  83.2654 276.8780 15.19151395903678
CARTOSAT-2B
1 36795U 10035A   26280.60506039  .00000275  00000+0  44623-4 0  9992
2 36795  97.9838 330.3592 0011269 180.8440 179.2754 14.78663963876464
YAOGAN-10
1 36834U 10038A   26280.65439803  .00001743  00000+0  20759-3 0  9992
2 36834  97.8940 303.1574 0001642  89.5304  57.8645 14.85625268873907
COSMO-SKYMED 4
1 37216U 10060A   26280.57881755 -.00000184  00000+0 -16606-4 0  9997
2 37216  97.8909 102.5844 0001500  80.7024 279.4359 14.82154671861210
RESOURCESAT-2
1 37387U 11015A   26280.56049041  .00000018  00000+0  28393-4 0  9990
2 37387  98.7531 347.1588 0010216 295.3230  64.6889 14.21612615802148
HAIYANG-2A
1 37781U 11043A   26280.59494193 -.00000018  00000+0  28605-4 0  9991
2 37781  99.3466 280.4560 0003886  83.1157 277.0433 13.71121519762079
RASAT
1 37791U 11044D   26280.63563536  .00000429  00000+0  82674-4 0  9997
2 37791  98.0553  10.3046 0020118 192.2544 277.5462 14.68250457809688
SRMSAT
1 37841U 11058D   26280.61698992  .00000353  00000+0  47598-4 0  9993
2 37841  19.9712  98.9355 0011757   1.2733  62.0120 14.11596651773726
PLEIADES 1A
1 38012U 11076F   26280.57805552  .00000424  00000+0  10113-3 0  9992
2 38012  98.1889 354.1129 0001558  99.5303  36.8419 14.58550337788377
ZIYUAN 1-02C (ZY 1-02C)
1 38038U 11079A   26280.65531162  .00000474  00000+0  16987-3 0  9995
2 38038  98.3962 345.5493 0005954 341.9895 168.0907 14.38285751775370
ARIRANG-3 (KOMPSAT-3)
1 38338U 12025B   26280.59776647  .00000267  00000+0  62225-4 0  9999
2 38338  98.1324 236.1973 0006511 115.4339 244.7537 14.62284931767770
EXACTVIEW-1 (ADS-1B)
1 38709U 12039C   26280.58469906  .00000045  00000+0  39202-4 0  9995
2 38709  98.9905  40.5835 0010492 202.8973 157.1738 14.25010792738710
SPOT 6
1 38755U 12047A   26280.56796782  .00000478  00000+0  11278-3 0  9990
2 38755  98.2012 346.4906 0001079  85.4439 274.6884 14.58540401749432
PLEIADES 1B
1 39019U 12068A   26280.58618400  .00000401  00000+0  96032-4 0  9997
2 39019  98.1859 354.0300 0001603  95.2120 264.9262 14.58573584737231
GOKTURK 2
1 39030U 12073A   26280.57914137  .00000625  00000+0  98424-4 0  9996
2 39030  97.6771 112.3720 0001455  58.8487 301.2865 14.75628176741087
SARAL
1 39086U 13009A   26280.60481459  .00000045  00000+0  32637-4 0  9997
2 39086  98.5553 105.7717 0001393 354.7952   5.3217 14.32910913711709
GAOFEN-1
1 39150U 13018A   26280.62451267  .00000693  00000+0  10647-3 0  9990
2 39150  97.8995 350.3399 0015643 263.3559  96.5871 14.76554179724830
VNREDSAT 1
1 39160U 13021B   26280.59513720  .00000776  00000+0  15415-3 0  9994
2 39160  97.8963 329.6090 0001278  96.8956 263.2393 14.64760258716749
ARIRANG-5 (KOMPSAT-5)
1 39227U 13042A   26280.56544282  .00000597  00000+0  46974-4 0  9991
2 39227  97.6211 105.7077 0005045  99.7075 260.4721 15.04526870720750
SKYSAT-A
1 39418U 13066C   26280.07509946  .00001820  00000+0  10490-3 0  9996
2 39418  97.3692 325.8695 0019544 288.3034  71.6071 15.13481803705404
DUBAISAT-2
1 39419U 13066D   26280.61884803  .00001410  00000+0  88461-4 0  9994
2 39419  97.4684 267.9420 0011498  16.7040 343.4566 15.10850059703361
GPM-CORE
1 39574U 14009C   26280.58411573  .00004273  00000+0  94624-4 0  9998
2 39574  64.9696 291.4741 0010765 269.6953  90.2955 15.45250151715177
KAZEOSAT 1
1 39731U 14024A   26280.56545229  .00000372  00000+0  12607-3 0  9990
2 39731  98.3108 350.1511 0001434  84.1084 276.0270 14.42070016654753
KAZEOSAT 2
1 40010U 14033A   26280.58281949  .00000775  00000+0  95406-4 0  9996
2 40010  97.5346 114.2442 0007465 316.9876  43.0756 14.85579039665644
HODOYOSHI-4
1 40011U 14033B   26280.58529275  .00001033  00000+0  11687-3 0  9990
2 40011  97.5477 100.0353 0022189 294.6132  65.2774 14.88345064665526
DEIMOS-2
1 40013U 14033D   26280.57987714  .00000977  00000+0  96803-4 0  9997
2 40013  97.5631 151.0270 0001089  52.1031 308.0288 14.93965020654505
HODOYOSHI-3
1 40015U 14033F   26280.40547656  .00000557  00000+0  69875-4 0  9991
2 40015  97.6553  79.0421 0032321 347.4392  12.6014 14.85588981664280
SPOT 7
1 40053U 14034A   26280.56896216  .00000567  00000+0  12467-3 0  9995
2 40053  98.0512 340.0946 0001163  93.0968 267.0366 14.61034247653546
SKYSAT-B
1 40072U 14037D   26280.48035826  .00000765  00000+0  89507-4 0  9992
2 40072  98.3992 245.9480 0004224 276.5444  83.5289 14.88258024662664
WORLDVIEW-3 (WV-3)
1 40115U 14048A   26280.55198541  .00000413  00000+0  54458-4 0  9991
2 40115  97.8470 353.7817 0000781  20.4446 339.6800 14.85163519658582
GAOFEN-2
1 40118U 14049A   26280.60415807  .00000953  00000+0  12988-3 0  9998
2 40118  97.9995 344.6365 0006252 221.3441 138.7298 14.81021525655875
YAOGAN-21
1 40143U 14053A   26280.61028344  .00006702  00000+0  25089-3 0  9992
2 40143  97.1377 316.0529 0009438  60.6882 299.5300 15.27566344672116
YAOGAN-22
1 40275U 14063A   26280.43684216 -.00000034  00000+0  35621-4 0  9992
2 40275 100.7894  73.6674 0005879 300.3113  59.7416 13.15534027574573
ASNARO
1 40298U 14070A   26280.56476954  .00007145  00000+0  33808-3 0  9990
2 40298  97.3361 353.5908 0006306 129.2239 230.9557 15.19643230661075
YAOGAN-24
1 40310U 14072A   26280.60405374  .00000368  00000+0  60904-4 0  9998
2 40310  98.1649  58.9894 0013081 264.4981  95.4736 14.76200965640304
CBERS 4
1 40336U 14079A   26280.60519525  .00000366  00000+0  14194-3 0  9994
2 40336  98.3412 333.8357 0001872  73.0592 287.0800 14.35518474620084
YAOGAN-26
1 40362U 14088A   26280.63216815  .00010813  00000+0  18377-3 0  9997
2 40362  97.0722 278.5906 0003408  32.3447 327.8014 15.51609990655117
SMAP
1 40376U 15003A   26280.55861713  .00000213  00000+0  50274-4 0  9990
2 40376  98.1317 286.0837 0001425  88.0560 272.0806 14.63383082624054
KOMPSAT-3A
1 40536U 15014A   26280.59147568  .00021750  00000+0  25908-3 0  9993
2 40536  97.6937 280.7207 0050695 122.6707 237.9453 15.59507339639308
GAOFEN-8
1 40701U 15030A   26280.63858853  .00021757  00000+0  39255-3 0  9993
2 40701  97.6816 121.0674 0008887 138.6324 221.5601 15.49734456628843
CARBONITE 1 (CBNT-1)
1 40718U 15032D   26280.60299419  .00001250  00000+0  15660-3 0  9997
2 40718  97.6571  94.0429 0013016 287.8551  72.1244 14.83871758606017
YAOGAN-27
1 40878U 15040A   26280.61508244  .00000375  00000+0  10982-2 0  9991
2 40878 100.1304 262.1790 0007897 320.0390  40.0142 13.16076295532453
GAOFEN-9 01
1 40894U 15047A   26280.60852042  .00000612  00000+0  80961-4 0  9993
2 40894  97.6189 311.1557 0028421 129.1491 231.2255 14.83045549596850
YAOGAN-28
1 41026U 15064A   26280.62854765  .00005559  00000+0  20158-3 0  9992
2 41026  97.3229  56.8156 0011098 146.1852 214.0098 15.28697011607854
KENT RIDGE 1
1 41167U 15077B   26280.25350420  .00003291  00000+0  10204-3 0  9992
2 41167  14.9787 152.1810 0008189  20.6495 339.4157 15.23697576598215
GAOFEN-4
1 41194U 15083A   26280.63178197 -.00000350  00000+0  00000+0 0  9993
2 41194   0.6415  82.9729 0003492 145.1657 121.3075  1.00270744 39658
JASON-3
1 41240U 16002A   26280.62409043 -.00000057  00000+0  22302-4 0  9991
2 41240  66.0400 249.4436 0008514 267.6938  92.3105 12.87628090501728
ZIYUAN 3-02 (ZY 3-02)
1 41556U 16033A   26280.59806913  .00003367  00000+0  15286-3 0  9996
2 41556  97.3747 354.1476 0011468 264.1407  95.8521 15.21422734575079
CARTOSAT-2C
1 41599U 16040A   26280.55642146  .00004012  00000+0  19320-3 0  9994
2 41599  97.4368 338.9041 0010224 101.6585 258.5797 15.19275976570771
SKYSAT-C1
1 41601U 16040C   26280.05611982  .00006507  00000+0  17673-3 0  9997
2 41601  96.9497 305.7908 0002295  30.8338 329.3042 15.37892445575056
LAPAN-A3
1 41603U 16040E   26280.62744878  .00002643  00000+0  83316-4 0  9998
2 41603  97.1585 273.1866 0009291 342.4945  17.5977 15.33710190572040
GAOFEN-3
1 41727U 16049A   26280.61480338  .00000045  00000+0  26824-4 0  9996
2 41727  98.4059 286.7246 0001239 101.4550 258.6779 14.42211161534856
SKYSAT-C4
1 41771U 16058B   26280.00333277  .00014625  00000+0  24634-3 0  9992
2 41771  96.9163 297.3249 0002701 152.4258 207.7139 15.51785532562799
SKYSAT-C5
1 41772U 16058C   26280.54903113  .00004539  00000+0  13839-3 0  9992
2 41772  97.0371 316.0542 0001391 163.9520 196.1768 15.34424485560976
SKYSAT-C2
1 41773U 16058D   26280.50129727  .00008180  00000+0  17954-3 0  9998
2 41773  97.0135 298.5234 0003469  37.7807 322.3685 15.44284528562371
SKYSAT-C3
1 41774U 16058E   26280.51341587  .00017685  00000+0  24531-3 0  9999
2 41774  96.8927 307.3433 0001586 114.5528 245.5894 15.57098797563565
ALSAT-1B
1 41785U 16059C   26280.58076587  .00000379  00000+0  67368-4 0  9992
2 41785  97.7799 284.5200 0008177 218.4748 141.5878 14.72343454537111
PATHFINDER 1
1 41787U 16059E   26280.48719005  .00000333  00000+0  66359-4 0  9991
2 41787  97.8249 274.7458 0027667 205.6556 154.3278 14.67773883536189
SCATSAT 1
1 41790U 16059H   26280.20011097  .00000712  00000+0  10007-3 0  9990
2 41790  98.1072 345.0629 0053194 246.2720 113.2906 14.79733919118155
GOKTURK 1A
1 41875U 16073A   26280.63362435  .00000228  00000+0  54017-4 0  9994
2 41875  98.1511 173.7345 0001373  73.5142 286.6210 14.62760280525269
RESOURCESAT-2A
1 41877U 16074A   26280.61213053  .00000510  00000+0  25265-3 0  9992
2 41877  98.7437 353.1399 0003210 108.1937 251.9590 14.21618735510279
CARTOSAT-2D
1 41948U 17008A   26280.98203302  .00002702  00000+0  13124-3 0  9991
2 41948  97.4354 338.1034 0004466 194.4555 165.6553 15.19293071534703
SENTINEL-2B
1 42063U 17013A   26280.58512722  .00000320  00000+0  13886-3 0  9990
2 42063  98.5695 353.7445 0001138  88.7453 271.3860 14.30819620500712
CARTOSAT-2E
1 42767U 17036C   26280.60543219  .00002014  00000+0  98809-4 0  9995
2 42767  97.4350 338.4728 0001995 288.9550  71.1468 15.19248234515212
FORMOSAT-5
1 42920U 17049A   26280.53170951  .00000059  00000+0  26028-4 0  9992
2 42920  98.2164 353.2907 0012717  97.6075 262.6565 14.50912799482968
SENTINEL-5P
1 42969U 17064A   26280.41495386  .00000015  00000+0  28124-4 0  9992
2 42969  98.8021 221.7855 0000961  77.8498 282.2785 14.19534468465485
SKYSAT-C11
1 42987U 17068A   26280.37908650  .00030040  00000+0  31821-3 0  9992
2 42987  97.4468  74.7066 0000112 153.1804 206.9461 15.64089059500747
SKYSAT-C10
1 42988U 17068B   26280.63777345  .00006794  00000+0  19372-3 0  9993
2 42988  97.4655  58.8415 0001211  95.1813 264.9569 15.36397973499615
SKYSAT-C9
1 42989U 17068C   26280.38036915  .00010435  00000+0  23037-3 0  9997
2 42989  97.4570  60.6463 0009001  92.0749 268.1530 15.44029242500050
SKYSAT-C8
1 42990U 17068D   26280.36723563  .00007620  00000+0  20009-3 0  9997
2 42990  97.4670  58.8095 0001278  87.3218 272.8174 15.38917634499551
SKYSAT-C7
1 42991U 17068E   26280.36469656  .00007623  00000+0  20034-3 0  9999
2 42991  97.4682  59.8051 0006719  70.5502 289.6468 15.38869759499616
SKYSAT-C6
1 42992U 17068F   26280.33406006  .00006368  00000+0  19521-3 0  9991
2 42992  97.4725  59.1532 0001599 109.9358 250.2057 15.34139485499518
CARTOSAT-2F
1 43111U 18004A   26280.57360223  .00006169  00000+0  29559-3 0  9993
2 43111  97.4670 339.0271 0001183 172.2912 187.8341 15.19285265484391
GAOFEN-1 02
1 43259U 18031A   26280.59455873  .00000587  00000+0  91815-4 0  9997
2 43259  98.0412 342.7305 0003216  32.3571 327.7836 14.76453596459280
GAOFEN-1 03
1 43260U 18031B   26280.64042061  .00000419  00000+0  67582-4 0  9994
2 43260  98.0398 342.6218 0003996  76.6910 283.4745 14.76467587459282
GAOFEN-1 04
1 43262U 18031D   26280.61615970  .00001113  00000+0  16731-3 0  9999
2 43262  98.0413 342.8029 0002440  72.8886 287.2591 14.76464796459276
GAOFEN-5 01
1 43461U 18043A   26280.47609684  .00000172  00000+0  45412-4 0  9995
2 43461  98.4729 254.5092 0002992  89.9780 270.1762 14.60667570448080
GAOFEN-6
1 43484U 18048A   26280.64061604  .00000507  00000+0  80313-4 0  9999
2 43484  98.0856 343.4882 0010935 162.3282 197.8310 14.76458438449988
GAOFEN-11 01
1 43585U 18063A   26280.59245339  .00015336  00000+0  20354-3 0  9995
2 43585  97.1171 347.3114 0001807 271.7124  88.3926 15.58322145457835
ICESAT-2
1 43613U 18070A   26280.58246460  .00001703  00000+0  61734-4 0  9991
2 43613  91.9994 321.3167 0005357  68.6445 291.5375 15.28257200449625
HYSIS
1 43719U 18096A   26280.61176780  .00001071  00000+0  15316-3 0  9999
2 43719  97.9732 346.4059 0001849 104.6648 255.4768 14.78681152424038
KAZSTSAT
1 43783U 18099AB  26280.03592027  .00001315  00000+0  10981-3 0  9999
2 43783  97.4243 306.8686 0013801  38.1181 322.1017 15.00088644428071
SAUDISAT 5A
1 43831U 18102A   26280.63161063  .00003834  00000+0  13856-3 0  9998
2 43831  97.2944 340.0377 0011095  95.0713 265.1794 15.28998765432857
SAUDISAT 5B
1 43833U 18102C   26280.63344388  .00003647  00000+0  13108-3 0  9995
2 43833  97.3059 343.3133 0011806  96.9431 263.3152 15.29208183432970
GAOFEN-10R
1 44622U 19066A   26280.62119300  .00000806  00000+0  10545-3 0  9991
2 44622  98.0635 235.0978 0006717 121.3993 238.7879 14.83200824379043
GAOFEN-12 01
1 44819U 19082A   26280.61066153  .00000234  00000+0  37181-4 0  9994
2 44819  97.8155 284.0555 0002149  66.7411 293.4028 14.80530621370720
CSG-1
1 44873U 19092A   26280.59149652  .00000246  00000+0  37477-4 0  9999
2 44873  97.8907 102.6020 0001366  87.3227 272.8142 14.82155994368128
NEMO-HD
1 46277U 20061F   26280.58564284  .00008221  00000+0  16706-3 0  9990
2 46277  97.1797 341.4793 0001639  67.8640 292.2784 15.46569240339347
SENTINEL-6A
1 46984U 20086A   26280.35868267 -.00000042  00000+0  82325-4 0  9990
2 46984  66.0393 262.0672 0007887 269.3711  90.6400 12.80930093274696
CAS500-1
1 47932U 21022A   26280.62317738  .00004035  00000+0  18973-3 0  9999
2 47932  97.3739 173.4920 0003601 247.5149 112.5705 15.20131647307846
GAOFEN-12 02
1 48079U 21026A   26280.63380174  .00000225  00000+0  36467-4 0  9997
2 48079  98.0006 278.4069 0003773 217.8973 142.1974 14.80366757298392
PLEIADES NEO 3
1 48268U 21034A   26280.62716986  .00001015  00000+0  13555-3 0  9999
2 48268  97.8952 353.7772 0001321  88.8149 271.3215 14.81678490294306
PLEIADES NEO 4
1 49070U 21073E   26280.59339450  .00001997  00000+0  26029-3 0  9996
2 49070  97.8953 353.7399 0001414  87.0168 273.1207 14.81678282278019
CSG-2
1 51444U 22008A   26280.62523295  .00000384  00000+0  54845-4 0  9996
2 51444  97.8909 102.6268 0001436  85.7696 274.3682 14.82152955253242
GAOFEN-12 03
1 52912U 22069A   26280.61338390  .00000063  00000+0  14919-4 0  9995
2 52912  97.8095 165.5520 0002079 102.9504 257.1941 14.80175275231243
SWOT
1 54754U 22173A   26280.38573289  .00000024  00000+0  17847-4 0  9999
2 54754  77.6088 243.8442 0000255 138.3692 221.7479 14.00173346194852
GAOFEN-12 04
1 57654U 23123A   26280.64954572  .00000632  00000+0  90597-4 0  9992
2 57654  97.9079 196.9471 0003743 103.2574 256.9056 14.79894563169269
PARS 1
1 59065U 24039Q   26280.61931914  .00009112  00000+0  17691-3 0  9994
2 59065  97.4945 265.3442 0010985  71.6804 288.5640 15.47822426146027
RESURS-P 4
1 59371U 24061A   26280.64226123  .00002427  00000+0  79321-4 0  9992
2 59371  97.2864 226.6856 0002671 112.5490 247.6035 15.32683483140988
LEGION 1
1 59625U 24081A   26280.55928191  .00002380  00000+0  12273-3 0  9990
2 59625  97.4937 357.2109 0008614 347.5214  12.5805 15.17303210134574
LEGION 2
1 59626U 24081B   26280.59060277  .00002180  00000+0  11274-3 0  9995
2 59626  97.4939 357.3369 0010012 310.8588  49.1777 15.17285860134583
ALOS-4 (DAICHI-4)
1 60182U 24123A   26280.90246775  .00000930  00000+0  13137-3 0  9996
2 60182  97.9224  16.4550 0001457  95.9865 264.1513 14.79467263122547
LEGION 3
1 60452U 24146A   26280.62538904  .00002336  00000+0  13454-3 0  9992
2 60452  45.0004 147.7219 0006780 128.5881 231.5606 15.15602925119085
LEGION 4
1 60453U 24146B   26280.36049602  .00002958  00000+0  16637-3 0  9992
2 60453  45.0009 240.9981 0008727 221.9068 138.1143 15.15663260117895
SENTINEL-2C
1 60989U 24157A   26280.20053826  .00000052  00000+0  36436-4 0  9997
2 60989  98.5701 353.3720 0001123  81.9709 278.1601 14.30817736109003
IONOSFERA-M 1
1 61735U 24199A   26280.57392781  .00000017  00000+0  26913-4 0  9999
2 61735  98.6972 152.4605 0001468 127.1325 232.9987 14.22771274143687
IONOSFERA-M 2
1 61736U 24199B   26280.60796649  .00000021  00000+0  28915-4 0  9994
2 61736  98.6971 152.4038 0001461  46.5444 313.5856 14.22774654146810
PRSC-EO1
1 62725U 25012A   26280.60848501  .00004894  00000+0  24629-3 0  9992
2 62725  97.4129 350.7950 0003715 225.8890 134.2039 15.17663293 95240
BIOMASS
1 63772U 25090A   26280.47158907  .00000167  00000+0  37919-4 0  9996
2 63772  98.0751 106.1810 0001334  85.1384 274.9973 14.67535567 77154
GOSAT-GW (IBUKI GW)
1 64694U 25141A   26280.62142587  .00000463  00000+0  90003-4 0  9993
2 64694  98.0628 216.1299 0001419  84.1934 275.9432 14.67551382 68332
IONOSFERA-M 3
1 64876U 25155A   26280.58558126  .00000029  00000+0  32700-4 0  9993
2 64876  98.6180 239.7339 0000262 205.1009 155.0156 14.21502244 62374
IONOSFERA-M 4
1 64877U 25155B   26280.62022583  .00000033  00000+0  34518-4 0  9996
2 64877  98.6184 239.6841 0000567 110.2479 249.8760 14.21504874 62375
MICROCARB
1 64899U 25156A   26280.44967988  .00000322  00000+0  58039-4 0  9993
2 64899  98.0079 355.9503 0016392 265.0749  94.8588 14.72862655 64496
CO3D 3
1 64900U 25156B   26280.48130412  .00002833  00000+0  13398-3 0  9991
2 64900  97.4346 357.5599 0001600 108.7407 251.4002 15.20195620 66592
CO3D 4
1 64901U 25156C   26280.48144821  .00002878  00000+0  13603-3 0  9999
2 64901  97.4347 357.5601 0000341 231.3434 128.7770 15.20198797 66598
CO3D 2
1 64902U 25156D   26280.57975936  .00002698  00000+0  12772-3 0  9995
2 64902  97.4348 357.5559 0001559  84.2322 275.9090 15.20202345 66602
CO3D 1
1 64903U 25156E   26280.57990804  .00002674  00000+0  12660-3 0  9997
2 64903  97.4349 357.5561 0001316  97.5943 262.5441 15.20199748 66608
PRSC-S1
1 65055U 25164A   26280.60914902  .00003243  00000+0  22324-3 0  9995
2 65055  41.1319  14.2734 0006038  27.6078 332.5056 15.07197375 65392
SENTINEL-6B
1 66514U 25264A   26280.35903494 -.00000037  00000+0  10221-3 0  9995
2 66514  66.0394 262.1927 0007841 268.3268  91.6849 12.80929988 41532
CAS500-3
1 66655U 25274F   26280.35567875  .00000810  00000+0  93328-4 0  9999
2 66655  97.7448 205.8397 0003284 207.2558 152.8487 14.88360746 46832
CSG-3
1 67304U 26001A   26280.46913156  .00000160  00000+0  26684-4 0  9998
2 67304  97.8910 102.4801 0001396  90.2955 269.8419 14.82152035 41095
PRSC-E03
1 68835U 26092A   26280.57298634  .00001641  00000+0  11431-3 0  9995
2 68835  37.9996 146.7100 0004418 209.1785 150.8730 15.07133034 24910
CAS500-2
1 69013U 26100AK  26280.29848468  .00003925  00000+0  18290-3 0  9996
2 69013  97.3735 175.8290 0009230 355.8617   4.2540 15.20433071 23844
POLAR
1 23802U 96013A   26279.72274735  .00000022  00000+0  00000+0 0  9999
2 23802  80.0081 225.7074 6585650 205.2585  97.6829  1.29845635146301
SWAS
1 25560U 98071A   26280.57081629  .00001521  00000+0  99365-4 0  9993
2 25560  69.8931 297.5694 0002601  65.6097 294.5339 15.10194995514234
CXO
1 25867U 99040B   26283.08973022  .00000686  00000+0  00000+0 0  9990
2 25867  57.7685 113.6354 7656956 309.1885   0.2461  0.37810264 17753
XMM-NEWTON
1 25989U 99066A   26281.04631812  .00000040  00000+0  00000+0 0  9999
2 25989  63.8943 281.5251 4643424  62.8847   0.1915  0.50127699 23576
TIMED
1 26998U 01055B   26280.40079529  .00000753  00000+0  71611-4 0  9993
2 26998  74.0698   9.0390 0001162 225.6838 134.4251 14.95494337347592
CORIOLIS
1 27640U 03001A   26280.44679651  .00000074  00000+0  55252-4 0  9996
2 27640  98.7171 285.6418 0012962 248.2610 111.7187 14.19970672230154
SORCE
1 27651U 03004A   26280.22723119  .00001861  00000+0  14215-3 0  9994
2 27651  39.9923 342.1895 0016451 139.0254 221.1779 15.04198313288777
MOST
1 27843U 03031D   26280.00052468  .00000045  00000+0  40661-4 0  9993
2 27843  98.7083 286.1862 0008816 292.3423  67.6820 14.21341112206593
SCISAT 1
1 27858U 03036A   26280.52306039  .00000300  00000+0  42870-4 0  9995
2 27858  73.9292 308.1246 0007879 335.2748  24.8049 14.81554041248083
SWIFT
1 28485U 04047A   26280.56072177  .00227091  00000+0  72765-3 0  9995
2 28485  20.5510  28.5778 0004558  98.8183 261.2783 15.89081126204611
HINODE (SOLAR-B)
1 29479U 06041A   26280.46189333  .00000331  00000+0  65135-4 0  9997
2 29479  98.0539 294.9636 0016148 293.6057  66.3453 14.68738335 71359
SHIJIAN-6 02A (SJ-6 02A)
1 29505U 06046A   26280.58484267  .00006999  00000+0  34758-3 0  9991
2 29505  97.6258 322.5143 0004528 104.6006 255.5730 15.17991623 89318
SHIJIAN-6 02B (SJ-6 02B)
1 29506U 06046B   26280.57403242  .00001599  00000+0  12799-3 0  9997
2 29506  97.6966 308.8200 0015053  56.8298 303.4367 15.01517486 87605
FGRST (GLAST)
1 33053U 08029A   26280.04692243  .00002447  00000+0  83449-4 0  9999
2 33053  25.5807 147.4808 0007861 205.5966 154.4184 15.24444086 12772
SDO
1 36395U 10005A   26277.11916721 -.00000067  00000+0  00000+0 0  9996
2 36395  34.8784  84.6864 0001797  82.1576 147.3231  1.00273214 61155
CRYOSAT 2
1 36508U 10013A   26280.62802737  .00000061  00000+0  14345-4 0  9997
2 36508  92.0243 304.5850 0002149  91.9224 268.2230 14.51905524874392
X-SAT
1 37389U 11015C   26280.62332613  .00000131  00000+0  73221-4 0  9995
2 37389  98.3668 252.3706 0014524  17.7521 342.4164 14.25233102803699
GCOM-W1 (SHIZUKU)
1 38337U 12025A   26280.45451153  .00000266  00000+0  69066-4 0  9994
2 38337  98.2105 219.3407 0001613  75.6075  38.1289 14.57114187765387
NUSTAR
1 38358U 12031A   26280.66670139  .00004110  00000+0  19533-3 0  9999
2 38358   6.0273 269.8196 0008103 333.4999 209.7999 15.09711098  1300
NEOSSAT
1 39089U 13009D   26280.47310700  .00000109  00000+0  52545-4 0  9996
2 39089  98.4226  97.8866 0009834 272.2655  87.7405 14.35859689712851
BRITE-AUSTRIA
1 39091U 13009F   26280.41572257  .00000101  00000+0  48787-4 0  9995
2 39091  98.4048  97.1272 0009007 264.6840  95.3319 14.36577445713165
IRIS
1 39197U 13033A   26280.14592640  .00000709  00000+0  87089-4 0  9999
2 39197  97.9249 119.0605 0023441 315.0861  44.8457 14.86067038717001
HISAKI (SPRINT-A)
1 39253U 13049A   26280.51618599  .00000112  00000+0  60296-4 0  9991
2 39253  29.7219   8.9147 0136491 207.6032 151.7239 13.55552635646674
CASSIOPE
1 39265U 13055A   26280.58605636  .00034758 -60029-6  33853-3 0  9992
2 39265  80.9091 289.4063 0263984  41.5410 320.5556 15.33057582684848
STSAT-3
1 39422U 13066G   26280.62319708  .00000403  00000+0  34234-4 0  9996
2 39422  97.6352 248.8105 0010577  23.9746 336.1969 15.03259079701098
SWARM B
1 39451U 13067A   26280.58322998  .00002020  00000+0  70202-4 0  9991
2 39451  87.7403 308.1745 0002860  81.1773 278.9800 15.29130641700412
SWARM A
1 39452U 13067B   26280.50288462  .00008144  00000+0  13890-3 0  9993
2 39452  87.3375  14.5226 0003010 100.2526 259.9075 15.51149059723658
SWARM C
1 39453U 13067C   26280.50279189  .00008231  00000+0  14040-3 0  9995
2 39453  87.3377  13.1063 0003005 100.0103 260.1498 15.51147697723613
BRITE-CA1 (TORONTO)
1 40020U 14033L   26280.34343478  .00000532  00000+0  87620-4 0  9997
2 40020  97.9891  47.3081 0077044 277.9864  81.2606 14.72835693658728
OCO 2
1 40059U 14035A   26280.56720068  .00000219  00000+0  58644-4 0  9995
2 40059  98.2105 220.1843 0001341  69.1486 290.9856 14.57102504652414
BRITE-PL2 (HEWELIUSZ)
1 40119U 14049B   26280.56719867  .00000682  00000+0  67870-4 0  9997
2 40119  97.9191  33.5152 0015200  96.1989 264.0963 14.94912072658235
MMS 1
1 40482U 15011A   26280.66670139 -.00001262  00000+0  00000+0 0  9992
2 40482  72.9722 347.5164 8238848 169.8673 252.2259  0.28319622  1360
MMS 2
1 40483U 15011B   26280.66670139 -.00001262  00000+0  00000+0 0  9993
2 40483  72.9768 347.5152 8241696 169.8681 252.2007  0.28319566  1371
MMS 3
1 40484U 15011C   26280.66670139 -.00001263  00000+0  00000+0 0  9995
2 40484  72.9764 347.5275 8240009 169.8747 252.1835  0.28317536  1355
MMS 4
1 40485U 15011D   26280.66670139 -.00001263  00000+0  00000+0 0  9996
2 40485  72.9691 347.5114 8240192 169.8869 252.1681  0.28319563  1378
ASTROSAT
1 40930U 15052A   26280.22988274  .00001386  00000+0  86558-4 0  9992
2 40930   5.9970  68.7329 0008271 201.0934 158.8853 14.82671780596484
DAMPE
1 41173U 15078A   26280.59236199  .00001196  00000+0  42433-4 0  9995
2 41173  97.4605 286.6578 0013228  42.9971 317.2302 15.31019677601745
PISAT
1 41784U 16059B   26280.45954203  .00000501  00000+0  92721-4 0  9995
2 41784  97.8263 276.1458 0028269 204.2712 155.7164 14.69150868536224
FLYING LAPTOP
1 42831U 17042G   26280.61502312  .00002035  00000+0  16059-3 0  9993
2 42831  97.5023  72.1759 0019014  97.9371 262.4012 15.01668649503324
ZHANGHENG 1-01 (CSES-1)
1 43194U 18015C   26280.58460574  .00004728  00000+0  21716-3 0  9993
2 43194  97.6965  88.5550 0013110 243.3175 116.6718 15.20834334481722
SALSAT
1 46495U 20068K   26280.00985358  .00005511  00000+0  18582-3 0  9998
2 46495  97.8885 290.0284 0007553 269.6255  90.4119 15.31162001332467
IXPE
1 49954U 21121A   26280.66670139  .00007693  00000+0  39151-3 0  9990
2 49954   0.2292 186.3941 0007369 341.9549 317.6136 15.11127543  5798
SMILE
1 69123U 26109A   26277.06159474  .00000563  00000+0  00000+0 0  9991
2 69123  69.9925 206.1975 8131820 285.3382   5.8935  0.47516858   461
